Photoswitches:
complexes:

mean R^2: -0.0197 +- 0.0107
mean RMSE: 13.1910 +- 0.7369
mean MAE: 6.8673 +- 0.4326

r^2 list: 
-2.266261568184080311e-02
-6.502978646786350403e-02
-5.746829535620001650e-04
-8.836286324893638522e-03
-1.221221990203913421e-03

rmse list: 
1.436461197358045361e+01
1.130788050530751931e+01
1.113580333324390992e+01
1.512409152789770239e+01
1.402275275227945528e+01

mae list: 7.528779254854649494e+00
6.222297289641480766e+00
5.292955369188875991e+00
7.904417735292975422e+00
7.388148786677294133e+00

confidence percentiles: 
9.999999999999999988e-15
7.462686567164279472e-01
1.492537313432845902e+00
2.238805970149264191e+00
2.985074626865682035e+00
3.731343283582099879e+00
4.477611940298517723e+00
5.223880597014935567e+00
5.970149253731353411e+00
6.716417910447771256e+00
7.462686567164189100e+00
8.208955223880607832e+00
8.955223880597026564e+00
9.701492537313443520e+00
1.044776119402986225e+01
1.119402985074627921e+01
1.194029850746269794e+01
1.268656716417911667e+01
1.343283582089553363e+01
1.417910447761195236e+01
1.492537313432836932e+01
1.567164179104478805e+01
1.641791044776120501e+01
1.716417910447762196e+01
1.791044776119404247e+01
1.865671641791045943e+01
1.940298507462687638e+01
2.014925373134329689e+01
2.089552238805971385e+01
2.164179104477613080e+01
2.238805970149254776e+01
2.313432835820896827e+01
2.388059701492538522e+01
2.462686567164180218e+01
2.537313432835822269e+01
2.611940298507463964e+01
2.686567164179105660e+01
2.761194029850747356e+01
2.835820895522389407e+01
2.910447761194031102e+01
2.985074626865672798e+01
3.059701492537314849e+01
3.134328358208956544e+01
3.208955223880597885e+01
3.283582089552239580e+01
3.358208955223881276e+01
3.432835820895522971e+01
3.507462686567165377e+01
3.582089552238807073e+01
3.656716417910448769e+01
3.731343283582090464e+01
3.805970149253732160e+01
3.880597014925373855e+01
3.955223880597015551e+01
4.029850746268657957e+01
4.104477611940299653e+01
4.179104477611941348e+01
4.253731343283583044e+01
4.328358208955224740e+01
4.402985074626866435e+01
4.477611940298508131e+01
4.552238805970150537e+01
4.626865671641792233e+01
4.701492537313433928e+01
4.776119402985075624e+01
4.850746268656717319e+01
4.925373134328359015e+01
5.000000000000000711e+01
5.074626865671643117e+01
5.149253731343284812e+01
5.223880597014926508e+01
5.298507462686568203e+01
5.373134328358209899e+01
5.447761194029851595e+01
5.522388059701493290e+01
5.597014925373135696e+01
5.671641791044777392e+01
5.746268656716419088e+01
5.820895522388060783e+01
5.895522388059702479e+01
5.970149253731344174e+01
6.044776119402985870e+01
6.119402985074628276e+01
6.194029850746269972e+01
6.268656716417911667e+01
6.343283582089553363e+01
6.417910447761195769e+01
6.492537313432838175e+01
6.567164179104479160e+01
6.641791044776121566e+01
6.716417910447762551e+01
6.791044776119404958e+01
6.865671641791045943e+01
6.940298507462688349e+01
7.014925373134330755e+01
7.089552238805971740e+01
7.164179104477614146e+01
7.238805970149255131e+01
7.313432835820897537e+01
7.388059701492538522e+01
7.462686567164180929e+01
7.537313432835823335e+01
7.611940298507464320e+01
7.686567164179106726e+01
7.761194029850747711e+01
7.835820895522390117e+01
7.910447761194031102e+01
7.985074626865673508e+01
8.059701492537315914e+01
8.134328358208956899e+01
8.208955223880599306e+01
8.283582089552240291e+01
8.358208955223882697e+01
8.432835820895523682e+01
8.507462686567166088e+01
8.582089552238808494e+01
8.656716417910449479e+01
8.731343283582091885e+01
8.805970149253732870e+01
8.880597014925375277e+01
8.955223880597016262e+01
9.029850746268658668e+01
9.104477611940301074e+01
9.179104477611942059e+01
9.253731343283584465e+01
9.328358208955225450e+01
9.402985074626867856e+01
9.477611940298508841e+01
9.552238805970151247e+01
9.626865671641793654e+01
9.701492537313434639e+01
9.776119402985077045e+01
9.850746268656718030e+01
9.925373134328360436e+01

mae mean: 
6.867319687131053563e+00
6.813839140737639077e+00
6.849131929605761115e+00
6.848548979440453266e+00
6.833979974068415508e+00
6.849764013970502496e+00
6.865794679495691000e+00
6.802125526096505226e+00
6.816445261805418099e+00
6.846255740775681886e+00
6.867613941694992619e+00
6.818796559678022007e+00
6.800831694109062298e+00
6.822941886611950224e+00
6.810652493519984141e+00
6.818449148216854994e+00
6.833878049246737696e+00
6.888268637255078986e+00
6.909737859759895962e+00
6.958038267147036215e+00
6.978741771009810968e+00
7.020343796245237300e+00
7.028653476479922446e+00
6.987309859465884010e+00
7.046556501349840573e+00
7.072691525887497832e+00
7.106147182633139714e+00
7.038100519183414505e+00
7.028244386490267281e+00
6.994937205397453894e+00
6.967393518936307650e+00
6.921198325904174276e+00
6.944444845325574711e+00
6.881719689369949045e+00
6.821560195687709438e+00
6.829073804538724701e+00
6.775028655593213323e+00
6.777860309106277903e+00
6.762315320114529626e+00
6.795625598992701910e+00
6.774004404946670554e+00
6.784800049267259325e+00
6.792485778939598262e+00
6.823804087743563507e+00
6.879648146199228265e+00
6.871578587991590936e+00
6.911454755854495424e+00
6.985492405320522735e+00
7.061251860589005780e+00
7.089147348472113030e+00
6.997287525313067746e+00
6.931980206763119767e+00
6.861666928093289819e+00
6.819586529028660138e+00
6.872891473015144470e+00
6.800423784993759213e+00
6.881580766182071152e+00
6.954358270684993570e+00
6.983685374230850229e+00
7.070532122523479401e+00
7.089498580063903432e+00
7.180174187294438681e+00
7.238262178412995240e+00
7.275451239704611162e+00
7.270845702746846939e+00
7.308099143875798731e+00
7.408656789341248938e+00
7.315455279096608088e+00
7.389964619283293068e+00
7.417535785322526110e+00
7.488276416489961562e+00
7.483243145419796072e+00
7.484986629241620726e+00
7.599983471487793629e+00
7.706685882233481166e+00
7.665689059876941158e+00
7.640390042488872879e+00
7.614955913575036206e+00
7.499457794447866199e+00
7.511674637334593285e+00
7.637029358806446844e+00
7.617296882846341433e+00
7.611853394731454614e+00
7.674873288220720902e+00
7.710782019271557708e+00
7.743134746171817184e+00
7.785905566080145945e+00
7.587418455862990463e+00
7.456593368080175033e+00
7.298679338986157283e+00
7.250296336787023677e+00
7.302679069580252147e+00
7.372440507179921276e+00
7.540788342664730415e+00
7.361438057574628324e+00
7.407883819438220385e+00
7.546112577576264080e+00
7.652822678950388813e+00
7.647415320752196877e+00
7.728831792010962154e+00
7.326215228099011156e+00
7.533973894031984919e+00
7.584238753180812864e+00
7.495811022599509599e+00
7.620612151315962812e+00
7.563042384445148869e+00
7.707240383847670628e+00
7.789355383599520621e+00
7.576426805997146019e+00
7.833276237831825028e+00
8.064543973379704411e+00
7.783632911298782986e+00
7.618443727040282276e+00
7.958837273455365846e+00
8.333270174513147666e+00
8.268037094732051173e+00
7.924870315774620977e+00
8.363381554800980666e+00
8.159372187245782726e+00
8.031482805104413814e+00
7.289603365107955035e+00
6.987434780501267539e+00
7.265196295602342147e+00
7.235243791665237900e+00
6.655966386905046939e+00
6.906869449145017548e+00
6.700829254009835090e+00
6.558039395316630937e+00
7.223966658516287609e+00
5.977217900556004437e+00
6.922062669008314906e+00
6.670179252239741174e+00
2.906349465012743938e+00
4.701792522254549800e-01

mae std: 
9.673717972983534308e-01
9.481117429000112118e-01
9.406815438578968180e-01
9.398784601711008824e-01
1.051258800865610743e+00
1.046973595960822401e+00
1.017794323439757287e+00
1.031480967287476735e+00
1.055580998476501664e+00
1.064250204666939759e+00
1.058812330189713213e+00
1.012361419981041122e+00
9.834746946652304089e-01
9.534233610701619011e-01
9.668517527939862743e-01
9.423038249247938092e-01
9.668235635839538267e-01
9.743418093455062934e-01
9.620694014246928827e-01
9.602333567538609005e-01
9.892962024386986464e-01
9.907932857893793077e-01
9.712884795796515869e-01
9.719795749486157543e-01
9.803293882847147200e-01
9.455598766699466751e-01
9.467053004449023090e-01
9.261658965526138321e-01
8.600220879737789925e-01
8.480418926072766928e-01
9.051111684245406463e-01
9.156498826849376327e-01
9.702732026412999033e-01
1.002655399765655320e+00
9.437310303505538345e-01
9.241799327063243696e-01
9.620512609674941595e-01
9.332353261544303891e-01
1.021305539191353029e+00
1.032392705321206972e+00
1.043664699017309738e+00
1.077998033752670226e+00
1.074449781687625061e+00
1.124664285312420908e+00
1.139266237841416674e+00
1.222571522193146132e+00
1.267717494133382417e+00
1.282226931982697327e+00
1.297084293433354851e+00
1.323376282403111226e+00
1.368594722031209132e+00
1.464376829100674682e+00
1.533270651025310460e+00
1.639212251178674196e+00
1.610703729254428396e+00
1.712346480260199311e+00
1.733598097183029818e+00
1.756956648742160398e+00
1.786388520288759940e+00
1.809485894769344627e+00
1.870473179614483561e+00
1.895424655261037206e+00
1.854799326154189965e+00
1.771095699234250143e+00
1.805413570580429505e+00
1.843761109760872818e+00
1.870592154222863845e+00
1.857216621492039810e+00
1.891358717836846948e+00
1.944989091054326602e+00
1.992478760039668950e+00
2.087216212439638507e+00
2.144680323626284135e+00
2.179445883982340515e+00
2.223501987753112807e+00
2.323993297553100579e+00
2.434623505528046739e+00
2.558755598863372338e+00
2.327194891976068103e+00
2.249986197222428874e+00
2.294560146700471037e+00
2.251355797402044612e+00
2.368547994776382559e+00
2.263701353716807141e+00
2.347097682730289847e+00
2.332821706177282906e+00
2.423812794612806076e+00
2.187450418876901281e+00
2.389037386131605878e+00
2.079585752498223528e+00
1.750539505459848044e+00
1.599996987262041426e+00
1.633796364997835759e+00
1.673926165405030808e+00
1.885104972430617698e+00
1.960999781474457304e+00
1.937644758178796334e+00
2.105304130782113869e+00
1.949160762096956656e+00
1.978976297408020946e+00
1.470335893433735608e+00
1.515019785847417477e+00
1.554044207902432806e+00
1.965528878166926674e+00
2.092643389663665143e+00
2.339623562360845455e+00
2.563257752410536217e+00
2.545350061588620871e+00
2.196350511444022047e+00
2.245826914682707454e+00
2.321677344238199048e+00
2.188411803596253424e+00
2.292176569541572118e+00
2.405792131327868510e+00
2.530860048939398865e+00
2.948546111956028781e+00
3.131932940341155991e+00
3.324189402682049099e+00
2.918284800300921855e+00
3.304891914247313878e+00
3.489889859624701440e+00
4.260099097885132302e+00
4.720320734636454851e+00
5.587362725723576062e+00
5.105062973407471283e+00
4.935520138092060805e+00
4.049703560743584063e+00
4.404706511125129786e+00
4.774894954029509364e+00
5.109877391916097800e+00
6.504398954015366385e+00
9.166986708331480216e+00
4.688313912900206937e+00
3.173451365852162365e-01
